# Created by Octave 3.8.1, Sun Apr 30 09:53:39 2017 CST <root@verney-Lenovo-Product>
# name: ans
# type: matrix
# rows: 1
# columns: 2
 1 2


